20
0.918 0.625 5.36849641555884
0.437 0.809 0.45172560175663534
0.881 0.873 13.119544975896316
0.265 0.275 0.7583851024288372
0.204 0.922 0.6799218952297463
0.933 0.788 12.564461881633923
0.332 0.866 1.519948084776746
0.373 0.523 15.752932633659762
0.407 0.102 -1.6930803001413515
0.413 0.149 -2.060119195373113
0.647 0.171 16.606678148183217
0.412 0.429 4.528199194499003
0.135 0.272 1.0190512188514425
0.344 0.269 -1.1196681690580033
0.184 0.377 11.083950863679842
0.056 0.003 -0.10384973090601698
0.019 0.015 -0.05501065039497473
0.508 0.794 -1.995257092282461
0.063 0.434 7.976606185918129
0.617 0.789 -0.7163587877268738


/////////////////////////////////////////
The values above have been added noise that should be reflected on the sigma parameter

Exact Solution:
X0: 0.13
Y0: 0.75

X1: 0.79
Y1: 0.91

X2: 0.58
Y2: 0.23
/////////////////////////////////////////


